75788767198	6256943877	61		0	1	4	0.03125	0.009323	0.0001545	0
75788767199	6256943877	62		0	1	4	0.03125	0.009323	0.0001545	0
75788767200	6256943877	63		0	1	4	0.03125	0.009323	0.0001545	0
75788767201	6256943877	64		0	1	4	0.03125	0.009323	0.0001545	0
75788767202	6256943877	65		0	1	4	0.03125	0.009323	0.0001545	0
75788767203	6256943877	66		0	1	4	0.03125	0.009323	0.0001545	0
75788767204	6256943877	67		0	1	4	0.03125	0.009323	0.0001545	0
75788767205	6256943877	68		0	1	4	0.03125	0.009323	0.0001545	0
75788767206	6256943877	69		0	1	4	0.03125	0.009323	0.0001545	0
75788767207	6256943877	70		0	1	4	0.03125	0.009323	0.0001545	0
75788767208	6256943877	71		0	1	4	0.03125	0.009323	0.0001545	0
75788767209	6256943877	72		0	1	4	0.03125	0.009323	0.0001545	0
75788767210	6256943877	73		0	1	4	0.03125	0.009323	0.0001545	0
75788767211	6256943877	74		0	1	4	0.03125	0.009323	0.0001545	0
75788767212	6256943877	75		0	1	4	0.03125	0.009323	0.0001545	0
75788767213	6256943877	76		0	1	4	0.03125	0.009323	0.0001545	0
75788767214	6256943877	77		0	1	4	0.03125	0.009323	0.0001545	0
75788767215	6256943877	78		0	1	4	0.03125	0.009323	0.0001545	0
75788767216	6256943877	79		0	1	4	0.03125	0.009323	0.0001545	0
75788767217	6256943877	80		0	1	4	0.03125	0.009323	0.0001545	0
75788767218	6256943877	81		0	1	4	0.03125	0.009323	0.0001545	0
75788767219	6256943877	82		0	1	4	0.03125	0.009323	0.0001545	0
75788767220	6256943877	83		0	1	4	0.03125	0.009323	0.0001545	0
75788767221	6256943877	84		0	1	4	0.03125	0.009323	0.0001545	0
75788767222	6256943877	85		0	1	4	0.03125	0.009323	0.0001545	0
75788767223	6256943877	86		0	1	4	0.03125	0.009323	0.0001545	0
75788767224	6256943877	87		0	1	4	0.03125	0.009323	0.0001545	0
75788767225	6256943877	88		0	1	4	0.03125	0.009323	0.0001545	0
75788767226	6256943877	89		0	1	4	0.03125	0.009323	0.0001545	0
75788767227	6256943877	90		0	1	4	0.03125	0.009323	0.0001545	0
75788767228	6256943877	91		0	1	4	0.03125	0.009323	0.0001545	0
75788767229	6256943877	92		0	1	4	0.03125	0.009323	0.0001545	0
75788767230	6256943877	93		0	1	4	0.03125	0.009323	0.0001545	0
75788767231	6256943877	94		0	1	4	0.03125	0.009323	0.0001545	0
75788767232	6256943877	95		0	1	4	0.03125	0.009323	0.0001545	0
75788767233	6256943877	96		0	1	4	0.03125	0.009323	0.0001545	0
75788767234	6256943877	97		0	1	4	0.03125	0.009323	0.0001545	0
75788767235	6256943877	98		0	1	4	0.03125	0.009323	0.0001545	0
75788767236	6256943877	99		0	1	4	0.03125	0.009323	0.0001545	0
75788767237	6256944169	0		0	1	0	0.006248	0.009323	0.00003815	0
75788767248	6256943699	0	418559	1	0	6	0.009369	0.002205	0.00003052	0
75788767256	6256943699	1	38673316	1	0	6	0.009369	0.002205	0.00003052	0
75788767270	6256943699	2	5351430507	1	0	6	0.009369	0.002205	0.00003052	0
75788767284	6256943699	3	5116299323	1	0	6	0.009369	0.002205	0.00003052	0
75788767304	6256943699	4	17504596	1	0	6	0.009369	0.002205	0.00003052	0
75788767324	6256943699	5	38732454	1	0	6	0.009369	0.002205	0.00003052	0
75788767344	6256943699	6	31078997	1	0	6	0.009369	0.002205	0.00003052	0
75788767364	6256943699	7	554338230	1	0	6	0.009369	0.002205	0.00003052	0
75788767384	6256943699	8	1332342	1	0	6	0.009369	0.002205	0.00003052	0
75788767402	515042969	16	336035840	1	2	0	0.01562	0.01553	0.0002155	0
75788767414	515042969	17	257405090	1	2	0	0.01562	0.01553	0.0002155	0
75788767426	515042969	19	38686505	1	2	0	0.01562	0.01553	0.0002155	0
75788767484	6255532702	374	336035840	1	0	0	0.06873	0.01193	0.0001154	0
75788791870	6256944830	0		0	0	0	0.0125	0.006104	0.000009537	0
75788791872	6256944830	1		0	0	0	0.0125	0.006104	0.000009537	0
75789662676	6256943877	0	3230899591	1	1	4	0.03125	0.009323	0.0001545	0
75789662700	6256943877	1	974254	1	1	4	0.03125	0.009323	0.0001545	0
75789662724	6256943877	2	208019205	1	1	4	0.03125	0.009323	0.0001545	0
75789662748	6256943877	3	56895651	1	1	4	0.03125	0.009323	0.0001545	0
75789662772	6256943877	4	6608797	1	1	4	0.03125	0.009323	0.0001545	0
75789662796	6256943877	5	711355	1	1	4	0.03125	0.009323	0.0001545	0
75789662820	6256943877	6	4802479771	1	1	4	0.03125	0.009323	0.0001545	0
75789662844	6256943877	7	294862247	1	1	4	0.03125	0.009323	0.0001545	0
75789662868	6256943877	8	400468846	1	1	4	0.03125	0.009323	0.0001545	0
75789662892	6256943877	9	38676904	1	1	4	0.03125	0.009323	0.0001545	0
75789662916	6256943877	10	4469221424	1	1	4	0.03125	0.009323	0.0001545	0
75789662940	6256943877	11	3996029554	1	1	4	0.03125	0.009323	0.0001545	0
75789662964	6256943877	12	1302497	1	1	4	0.03125	0.009323	0.0001545	0
75789662989	6256943877	13	3215724643	1	1	4	0.03125	0.009323	0.0001545	0
75789663013	6256943877	14	1510877026	1	1	4	0.03125	0.009323	0.0001545	0
75789663037	6256943877	15	4820288180	1	1	4	0.03125	0.009323	0.0001545	0
75789663061	6256943877	16	660405	1	1	4	0.03125	0.009323	0.0001545	0
75789663085	6256943877	17	567917	1	1	4	0.03125	0.009323	0.0001545	0
75789663109	6256943877	18	907123	1	1	4	0.03125	0.009323	0.0001545	0
75789663133	6256943877	19	2707265924	1	1	4	0.03125	0.009323	0.0001545	0
75789663157	6256943877	20	665484	1	1	4	0.03125	0.009323	0.0001545	0
75789663181	6256943877	21	4802140024	1	1	4	0.03125	0.009323	0.0001545	0
75789663205	6256943877	22	487295	1	1	4	0.03125	0.009323	0.0001545	0
75789663229	6256943877	23	1093855	1	1	4	0.03125	0.009323	0.0001545	0
75789663253	6256943877	24	1270278	1	1	4	0.03125	0.009323	0.0001545	0
75789663277	6256943877	25	4820854636	1	1	4	0.03125	0.009323	0.0001545	0
75789663301	6256943877	26	30790399	1	1	4	0.03125	0.009323	0.0001545	0
75789663325	6256943877	27	4302174857	1	1	4	0.03125	0.009323	0.0001545	0
75789663349	6256943877	28	6568015	1	1	4	0.03125	0.009323	0.0001545	0
75789663373	6256943877	29	4304177436	1	1	4	0.03125	0.009323	0.0001545	0
75789663397	6256943877	30	228738982	1	1	4	0.03125	0.009323	0.0001545	0
75789663421	6256943877	31	284787048	1	1	4	0.03125	0.009323	0.0001545	0
75789663445	6256943877	32	3207817516	1	1	4	0.03125	0.009323	0.0001545	0
75789663469	6256943877	33	280043712	1	1	4	0.03125	0.009323	0.0001545	0
75789663493	6256943877	34	3230890260	1	1	4	0.03125	0.009323	0.0001545	0
75789663517	6256943877	35	400424036	1	1	4	0.03125	0.009323	0.0001545	0
75789663541	6256943877	36	6568417	1	1	4	0.03125	0.009323	0.0001545	0
75789663567	6256943877	37	1429210828	1	1	4	0.03125	0.009323	0.0001545	0
75789663591	6256943877	38	642353262	1	1	4	0.03125	0.009323	0.0001545	0
75789663615	6256943877	39	4303333558	1	1	4	0.03125	0.009323	0.0001545	0
75789663639	6256943877	40	4820428784	1	1	4	0.03125	0.009323	0.0001545	0
75789663663	6256943877	41	7780786	1	1	4	0.03125	0.009323	0.0001545	0
75789663687	6256943877	42	284800619	1	1	4	0.03125	0.009323	0.0001545	0
75789663711	6256943877	43	257410070	1	1	4	0.03125	0.009323	0.0001545	0
75789663735	6256943877	44	3593837692	1	1	4	0.03125	0.009323	0.0001545	0
