75791890185	6256945431	34		0	0	0	0.009369	0.005486	0.000009537	0
75791890187	6256945431	35		0	0	0	0.009369	0.005486	0.000009537	0
75791890189	6256945431	36		0	0	0	0.009369	0.005486	0.000009537	0
75791890191	6256945431	37		0	0	0	0.009369	0.005486	0.000009537	0
75791890193	6256945431	38		0	0	0	0.009369	0.005486	0.000009537	0
75791890195	6256945431	39		0	0	0	0.009369	0.005486	0.000009537	0
75791890197	6256945431	40		0	0	0	0.009369	0.005486	0.000009537	0
75791890199	6256945431	41		0	0	0	0.009369	0.005486	0.000009537	0
75791890201	6256945431	42		0	0	0	0.009369	0.005486	0.000009537	0
75791890203	6256945431	43		0	0	0	0.009369	0.005486	0.000009537	0
75791890205	6256945431	44		0	0	0	0.009369	0.005486	0.000009537	0
75791890207	6256945431	45		0	0	0	0.009369	0.005486	0.000009537	0
75791890209	6256945431	46		0	0	0	0.009369	0.005486	0.000009537	0
75791890211	6256945431	47		0	0	0	0.009369	0.005486	0.000009537	0
75791890213	6256945431	48		0	0	0	0.009369	0.005486	0.000009537	0
75791890215	6256945431	49		0	0	0	0.009369	0.005486	0.000009537	0
75791890217	6256945431	50		0	0	0	0.009369	0.005486	0.000009537	0
75791890219	6256945431	51		0	0	0	0.009369	0.005486	0.000009537	0
75791890221	6256945431	52		0	0	0	0.009369	0.005486	0.000009537	0
75791890223	6256945431	53		0	0	0	0.009369	0.005486	0.000009537	0
75791890225	6256945431	54		0	0	0	0.009369	0.005486	0.000009537	0
75791890227	6256945431	55		0	0	0	0.009369	0.005486	0.000009537	0
75791890229	6256945431	56		0	0	0	0.009369	0.005486	0.000009537	0
75791890231	6256945431	57		0	0	0	0.009369	0.005486	0.000009537	0
75791890233	6256945431	58		0	0	0	0.009369	0.005486	0.000009537	0
75791890235	6256945431	59		0	0	0	0.009369	0.005486	0.000009537	0
75791890237	6256945431	60		0	0	0	0.009369	0.005486	0.000009537	0
75791890239	6256945431	61		0	0	0	0.009369	0.005486	0.000009537	0
75791890241	6256945431	62		0	0	0	0.009369	0.005486	0.000009537	0
75791890243	6256945431	63		0	0	0	0.009369	0.005486	0.000009537	0
75791890245	6256945431	64		0	0	0	0.009369	0.005486	0.000009537	0
75791890247	6256945431	65		0	0	0	0.009369	0.005486	0.000009537	0
75791890249	6256945431	66		0	0	0	0.009369	0.005486	0.000009537	0
75791890251	6256945431	67		0	0	0	0.009369	0.005486	0.000009537	0
75791890253	6256945431	68		0	0	0	0.009369	0.005486	0.000009537	0
75791890255	6256945431	69		0	0	0	0.009369	0.005486	0.000009537	0
75791890257	6256945431	70		0	0	0	0.009369	0.005486	0.000009537	0
75791890259	6256945431	71		0	0	0	0.009369	0.005486	0.000009537	0
75791890261	6256945431	72		0	0	0	0.009369	0.005486	0.000009537	0
75791890263	6256945431	73		0	0	0	0.009369	0.005486	0.000009537	0
75791890265	6256945431	74		0	0	0	0.009369	0.005486	0.000009537	0
75791890267	6256945431	75		0	0	0	0.009369	0.005486	0.000009537	0
75791890269	6256945431	76		0	0	0	0.009369	0.005486	0.000009537	0
75791890271	6256945431	77		0	0	0	0.009369	0.005486	0.000009537	0
75791890273	6256945431	78		0	0	0	0.009369	0.005486	0.000009537	0
75791890275	6256945431	79		0	0	0	0.009369	0.005486	0.000009537	0
75791890277	6256945431	80		0	0	0	0.009369	0.005486	0.000009537	0
75791890279	6256945431	81		0	0	0	0.009369	0.005486	0.000009537	0
75791890281	6256945431	82		0	0	0	0.009369	0.005486	0.000009537	0
75791890283	6256945431	83		0	0	0	0.009369	0.005486	0.000009537	0
75791890285	6256945431	84		0	0	0	0.009369	0.005486	0.000009537	0
75791890287	6256945431	85		0	0	0	0.009369	0.005486	0.000009537	0
75791890289	6256945431	86		0	0	0	0.009369	0.005486	0.000009537	0
75791890291	6256945431	87		0	0	0	0.009369	0.005486	0.000009537	0
75791890293	6256945431	88		0	0	0	0.009369	0.005486	0.000009537	0
75791890295	6256945431	89		0	0	0	0.009369	0.005486	0.000009537	0
75791890297	6256945431	90		0	0	0	0.009369	0.005486	0.000009537	0
75791890299	6256945431	91		0	0	0	0.009369	0.005486	0.000009537	0
75791890301	6256945431	92		0	0	0	0.009369	0.005486	0.000009537	0
75791890303	6256945431	93		0	0	0	0.009369	0.005486	0.000009537	0
75791890305	6256945431	94		0	0	0	0.009369	0.005486	0.000009537	0
75791890307	6256945431	95		0	0	0	0.009369	0.005486	0.000009537	0
75791890309	6256945431	96		0	0	0	0.009369	0.005486	0.000009537	0
75791890311	6256945431	97		0	0	0	0.009369	0.005486	0.000009537	0
75791890313	6256945431	98		0	0	0	0.009369	0.005486	0.000009537	0
75791890315	6256945431	99		0	0	0	0.009369	0.005486	0.000009537	0
75791890317	6256945431	100		0	0	0	0.009369	0.005486	0.000009537	0
75791890319	6256945431	101		0	0	0	0.009369	0.005486	0.000009537	0
75791890321	6256945431	102		0	0	0	0.009369	0.005486	0.000009537	0
75791890323	6256945431	103		0	0	0	0.009369	0.005486	0.000009537	0
75791890325	6256945431	104		0	0	0	0.009369	0.005486	0.000009537	0
75791890327	6256945431	105		0	0	0	0.009369	0.005486	0.000009537	0
75791890329	6256945431	106		0	0	0	0.009369	0.005486	0.000009537	0
75791890331	6256945431	107		0	0	0	0.009369	0.005486	0.000009537	0
75791890333	6256945431	108		0	0	0	0.009369	0.005486	0.000009537	0
75791890335	6256945431	109		0	0	0	0.009369	0.005486	0.000009537	0
75791901592	6256606278	246	317302984	4	0	0	0.009369	0.01663	0.0006943	0
75791901619	6256922010	61	85353085	4	0	0	0.0625	0.0318	0.0007715	0
75791901883	6256828882	349	3060413173	5	0	0	0.02563	0.0575	0.0004635	0
75791901894	6256828882	349		0	0	0	0.02563	0.0575	0.0004635	0
75791902443	6256219415	53	10023067	4	0	0	0.0125	0.01247	0.001131	0
75791902462	6256304345	20	3720148066	4	1	4	0.09998	0.02069	0.00003815	1
75792770385	5285926325	0	1672921	1	0	9	0.0625	0.006218	0.00003815	0
75792770398	515042969	7	38707776	1	2	0	0.01562	0.01553	0.0002155	0
75792770407	6256830227	1366	4819984634	2	0	0	0.02249	0.0575	0.0004635	0
75792770418	6256830227	1366		0	0	0	0.02249	0.0575	0.0004635	0
75792770420	6256640932	17	4819984634	1	2	6	0.125	0.07959	0.00005436	0
75792770423	6256640932	5	4819984634	1	2	6	0.125	0.07959	0.00005436	0
75792770426	6256640932	22	4819984634	1	2	6	0.125	0.07959	0.00005436	0
75792770450	6238340468	1765	4819984634	1	1	0	0.0625	0.03961	0.00003815	0
75792770464	6256830227	1378	3437368011	1	0	0	0.02249	0.0575	0.0004635	0
75792770472	6256830227	1379	4819984634	1	0	0	0.02249	0.0575	0.0004635	0
75792798540	6256606278	138	4820310542	4	0	0	0.009369	0.01663	0.0006943	0
75792798816	515042969	1		5	2	0	0.01562	0.01553	0.0002155	0
75792798819	515042969	1		0	2	0	0.01562	0.01553	0.0002155	0
75792798976	6256861974	39	38728361	4	0	0	0.0125	0.01636	0.001131	0
75792799299	6256606278	953	5788685	4	0	0	0.009369	0.01663	0.0006943	0
75792799791	515042969	4		5	2	0	0.01562	0.01553	0.0002155	0
75792799794	515042969	4		0	2	0	0.01562	0.01553	0.0002155	0
75793638321	6256945429	0	1697534	1	1	1	0.01562	0.01553	0.00003815	0
